unix_time,cycles_done,cur_path,paths_total,pending_total,pending_favs,map_size,unique_crashes,unique_hangs,max_depth,execs_per_sec,total_input_failed,total_random_valid,total_random_temp,total_random_valid_rate,total_add_to_queue,total_mutate_all_failed,total_mutate_failed,total_mutate_num,total_oracle_mutate_failed,total_oracle_mutate,total_append_failed,total_cri_valid_stmts_lib,total_valid_stmts_lib,total_bad_statms,total_good_stmts,total_good_rate,but_output_id,new_edges_on,total_execs,num_parse,num_mutate_all,num_reparse,num_append,num_validate,num_common_fuzz,avg_mutate_all_num,total_mutate_gen_num,total_mutate_gen_failed,total_oracle_rand_valid_failed,avg_ir_set_size
1682746806, 0, 0, 1, 1, 1, 16.38%, 0, 0, 1, 0.00, 0, 0, 0, -nan%, 0, 0, 0, 0, 0, 0, 0, 0, 1, 0, 0, -nan%, 0, 0, 0, 0, 0, 0, 0, 0, 0, 0, 0, 0, 0, 0
1682746811, 1, 8, 57, 48, 0, 19.78%, 0, 0, 6, 50.04, 0, 61, 110, 0.55%, 56, 0, 281, 597, 0, 110, 0, 0, 21, 2432, 883, 0.27%, 0, 16, 266, 11, 11, 316, 3160, 316, 316, 52, 768, 11, 305, 64
1682746816, 1, 32, 93, 75, 0, 19.88%, 0, 0, 6, 50.85, 0, 105, 200, 0.52%, 92, 0, 564, 1193, 0, 200, 0, 0, 27, 4743, 1851, 0.28%, 0, 17, 532, 20, 20, 629, 6290, 629, 629, 59, 1546, 20, 430, 73
1682746822, 1, 62, 116, 91, 0, 19.89%, 0, 0, 7, 54.48, 0, 146, 270, 0.54%, 115, 0, 842, 1780, 0, 270, 0, 0, 31, 7067, 2769, 0.28%, 0, 20, 811, 27, 27, 938, 9380, 938, 938, 65, 2242, 27, 555, 80
1682746827, 1, 82, 139, 108, 0, 19.91%, 0, 0, 7, 47.20, 0, 175, 330, 0.53%, 138, 0, 1119, 2343, 0, 330, 0, 0, 32, 9296, 3511, 0.27%, 0, 21, 1049, 33, 33, 1224, 12240, 1224, 1223, 69, 2882, 33, 688, 84
1682746832, 1, 110, 162, 125, 0, 19.92%, 0, 0, 8, 48.20, 0, 205, 390, 0.53%, 161, 0, 1385, 2887, 0, 390, 0, 0, 33, 11475, 4252, 0.27%, 0, 22, 1290, 39, 39, 1502, 15020, 1502, 1502, 74, 3620, 39, 828, 90
1682746837, 1, 137, 187, 144, 0, 19.92%, 0, 0, 8, 47.05, 0, 234, 450, 0.52%, 186, 0, 1636, 3422, 0, 450, 0, 0, 33, 13705, 4986, 0.27%, 0, 22, 1531, 45, 45, 1786, 17860, 1786, 1786, 76, 4328, 45, 950, 94
1682746842, 1, 165, 196, 148, 0, 19.92%, 0, 0, 9, 45.70, 0, 263, 500, 0.53%, 195, 0, 1921, 3989, 0, 500, 0, 0, 35, 15897, 5740, 0.27%, 0, 22, 1763, 50, 50, 2068, 20680, 2068, 2068, 79, 4959, 50, 1030, 97
1682746847, 1, 183, 229, 176, 0, 19.93%, 0, 0, 9, 43.86, 0, 281, 550, 0.51%, 228, 0, 2167, 4490, 0, 550, 0, 0, 37, 17790, 6493, 0.27%, 0, 24, 1984, 55, 55, 2323, 23230, 2323, 2322, 81, 5582, 55, 1116, 99
1682746852, 1, 197, 248, 191, 0, 19.95%, 0, 0, 10, 46.30, 0, 297, 580, 0.51%, 247, 0, 2417, 4992, 0, 580, 0, 0, 38, 19711, 7238, 0.27%, 0, 27, 2227, 59, 59, 2575, 25750, 2575, 2575, 84, 6206, 59, 1195, 103
1682746857, 1, 213, 269, 208, 0, 19.95%, 0, 0, 10, 42.72, 0, 321, 630, 0.51%, 268, 0, 2681, 5507, 0, 630, 0, 0, 39, 21608, 7943, 0.27%, 0, 27, 2438, 63, 63, 2826, 28260, 2826, 2826, 86, 6727, 63, 1264, 105
1682746862, 1, 232, 286, 221, 0, 19.95%, 0, 0, 10, 43.23, 0, 340, 670, 0.51%, 285, 0, 2894, 5956, 0, 670, 0, 0, 41, 23299, 8724, 0.27%, 0, 27, 2654, 67, 67, 3062, 30620, 3062, 3062, 87, 7258, 67, 1348, 106
1682746868, 1, 237, 296, 228, 0, 19.97%, 0, 0, 10, 42.28, 0, 356, 700, 0.51%, 295, 0, 3091, 6403, 0, 700, 0, 0, 42, 25118, 9527, 0.27%, 0, 29, 2870, 70, 70, 3312, 33120, 3312, 3311, 90, 7778, 70, 1404, 109
1682746873, 1, 248, 303, 231, 0, 19.97%, 0, 0, 11, 41.39, 0, 372, 740, 0.50%, 302, 0, 3307, 6872, 0, 740, 0, 0, 45, 27190, 10099, 0.27%, 0, 29, 3077, 74, 74, 3565, 35650, 3565, 3565, 92, 8370, 74, 1500, 111
1682746878, 1, 265, 316, 240, 0, 19.97%, 0, 0, 11, 35.46, 0, 395, 780, 0.51%, 315, 0, 3540, 7342, 0, 780, 0, 0, 48, 29151, 10581, 0.27%, 0, 29, 3247, 78, 78, 3802, 38020, 3802, 3801, 94, 8993, 78, 1558, 113
1682746883, 1, 282, 330, 251, 0, 19.97%, 0, 0, 11, 35.57, 0, 410, 810, 0.51%, 329, 0, 3777, 7809, 0, 810, 0, 0, 48, 30956, 11180, 0.27%, 0, 29, 3430, 81, 81, 4032, 40320, 4032, 4032, 96, 9527, 81, 1625, 116
1682746888, 1, 288, 337, 255, 0, 19.97%, 0, 0, 11, 37.96, 0, 421, 840, 0.50%, 336, 0, 3993, 8261, 0, 840, 0, 0, 49, 32892, 11707, 0.26%, 0, 29, 3623, 84, 84, 4268, 42680, 4268, 4268, 98, 10054, 84, 1651, 118
